150

Acetone(1)/CHCl3(2)/methnaol(3)

T (K)       P(bar)   y1        x1       y2       x2
323.15     .81793    .6499    .5995    .0204    .0309
323.15     .80725    .5974    .5207    .0200    .0269
323.15     .79355    .5502    .4500    .0194    .0232
323.15     .77968    .5126    .3953    .0189    .0204
323.15     .76368    .4701    .3387    .0183    .0175
323.15     .75048    .4388    .2998    .0178    .0155
323.15     .73599    .4098    .2662    .0168    .0135
323.15     .72122    .3729    .2275    .0161    .0117
323.15     .79691    .5617    .4675    .0201    .0247
323.15     .80348    .5842    .5017    .0203    .0265
323.15     .81000    .6106    .5411    .0206    .0286
323.15     .81611    .6414    .5872    .0208    .0310
323.15     .82140    .6792    .6422    .0211    .0339
323.15     .82459    .7246    .7042    .0215    .0372
323.15     .82369    .7850    .7782    .0219    .0411
323.15     .81840    .8448    .8414    .0224    .0444
323.15     .81208    .8903    .8833    .0228    .0466
323.15     .80776    .9168    .9054    .0231    .0478
323.15     .80412    .9370    .9213    .0232    .0486
323.15     .80120    .9538    .9338    .0234    .0493
323.15     .79841    .9644    .9415    .0235    .0497
323.15     .72537    .1998    .1511    .2132    .1420
323.15     .73341    .2113    .1680    .2242    .1580
323.15     .73937    .2221    .1847    .2338    .1737
323.15     .74650    .2375    .2095    .2464    .1969
323.15     .75279    .2543    .2380    .2596    .2239
323.15     .75622    .2712    .2663    .2709    .2504
323.15     .75736    .2900    .2971    .2824    .2794
323.15     .75506    .3128    .3315    .2947    .3118
323.15     .74821    .3414    .3690    .3082    .3470
323.15     .73470    .3778    .4076    .3241    .3834
323.15     .70565    .4334    .4507    .3471    .4239
323.15     .65472    .5265    .4960    .3863    .4666
323.15     .62991    .3397    .3528    .6054    .6297
323.15     .62976    .3793    .3813    .5641    .5998
323.15     .63123    .4197    .4103    .5221    .5693
323.15     .63531    .4723    .4483    .4682    .5295
323.15     .63997    .5108    .4767    .4289    .4997
323.15     .64991    .5701    .5220    .3685    .4521
323.15     .66377    .6290    .5697    .3090    .4020
323.15     .68326    .6922    .6252    .2453    .3438
323.15     .70696    .7535    .6854    .1848    .2806
323.15     .73230    .8059    .7437    .1332    .2194
323.15     .76646    .8644    .8200    .0759    .1393
323.15     .79464    .9040    .8813    .0375    .0750
323.15     .81593    .9294    .9263    .0131    .0278
323.15     .69292    .3526    .3881    .4488    .5148
323.15     .69536    .3840    .4119    .4142    .4850
323.15     .69802    .4187    .4382    .3765    .4521
323.15     .70564    .4590    .4690    .3336    .4136
323.15     .71431    .5035    .5037    .2872    .3702
323.15     .72630    .5514    .5425    .2380    .3217
323.15     .74167    .6004    .5842    .1890    .2696
323.15     .76520    .6623    .6414    .1284    .1981
323.15     .79657    .7270    .7089    .0669    .1137
323.15     .81741    .7635    .7520    .0329    .0597
323.15     .82789    .7800    .7731    .0179    .0334
323.15     .83404    .7894    .7856    .0093    .0177
323.15     .83770    .7954    .7937    .0039    .0076
323.15     .83918    .7981    .7975    .0015    .0030
323.15     .83079    .0549    .0999    .5538    .5005
323.15     .82479    .0615    .1051    .5362    .4744
323.15     .81748    .0693    .1107    .5160    .4462
323.15     .80893    .0794    .1172    .4910    .4137
323.15     .79935    .0913    .1240    .4629    .3798
323.15     .78598    .1094    .1330    .4225    .3350
323.15     .76986    .1341    .1434    .3704    .2826
323.15     .75380    .1631    .1538    .3130    .2305
323.15     .73738    .2024    .1658    .2404    .1708
323.15     .72281    .2411    .1708    .1622    .1097
323.15     .71338    .2870    .1866    .0988    .0669
323.15     .71057    .3078    .1910    .0664    .0446
323.15     .70809    .3232    .1942    .0431    .0288
323.15     .70620    .3353    .1966    .0249    .0166
323.15     .70494    .3438    .1983    .0123    .0082
323.15     .70417    .3500    .1995    .0033    .0022
323.15     .86764    .0118    .0258    .5965    .4973
323.15     .86037    .0138    .0276    .5792    .4634
323.15     .85372    .0156    .0290    .5642    .4365
323.15     .84513    .0178    .0305    .5463    .4070
323.15     .82969    .0218    .0328    .5162    .3627
323.15     .81037    .0270    .0351    .4804    .3168
323.15     .79089    .0325    .0372    .4446    .2769
323.15     .75748    .0428    .0402    .3834    .2188
323.15     .72577    .0541    .0427    .3218    .1700
323.15     .69648    .0666    .0449    .2583    .1271
323.15     .67152    .0787    .0466    .1999    .0927
323.15     .65516    .0883    .0478    .1558    .0693
323.15     .64067    .0976    .0489    .1155    .0496
323.15     .62955    .1051    .0496    .0826    .0345
323.15     .61990    .1125    .0503    .0518    .0211
323.15     .61350    .1177    .0508    .0307    .0123
323.15     .60960    .1212    .0511    .0164    .0065
323.15     .88205    .0007    .0028    .7040    .7961
323.15     .87807    .0029    .0108    .7014    .7897
323.15     .86881    .0074    .0254    .6962    .7780
323.15     .85568    .0155    .0475    .6875    .7604
323.15     .83790    .0281    .0752    .6749    .7383
323.15     .81664    .0475    .1094    .6567    .7110
323.15     .79528    .0732    .1460    .6339    .6817
323.15     .77119    .1111    .1904    .6021    .6463
323.15     .74589    .1662    .2442    .5581    .6034
323.15     .72645    .2262    .2952    .5120    .5627
323.15     .71355    .2845    .3406    .4686    .5264
323.15     .70576    .3396    .3814    .4288    .4939
323.15     .70126    .3884    .4168    .3939    .4656
323.15     .70062    .4306    .4472    .3643    .4413
323.15     .69889    .4707    .4762    .3364    .4181
323.15     .69964    .5043    .5007    .3135    .3986
323.15     .70030    .5197    .5120    .3030    .3896
323.15     .87343    .0064    .0148    .6052    .5017
323.15     .84453    .0325    .0618    .5647    .4778
323.15     .80893    .0794    .1239    .5078    .4462
323.15     .79157    .1490    .1965    .4393    .4092
323.15     .76291    .2257    .2658    .3752    .3739
323.15     .75456    .2838    .3151    .3319    .3488
323.15     .75086    .3514    .3713    .2857    .3202
323.15     .75044    .3962    .4084    .2573    .3013
323.15     .75115    .4301    .4367    .2367    .2868
323.15     .75286    .4726    .4714    .2081    .2692
323.15     .75570    .5140    .5081    .1896    .2505
323.15     .74916    .0074    .0066    .3890    .1983
323.15     .74686    .0156    .0137    .3809    .1969
323.15     .74330    .0293    .0254    .3678    .1946
323.15     .73970    .0475    .0405    .3512    .1916
323.15     .73654    .0691    .0581    .3326    .1881
323.15     .73342    .1006    .0832    .3073    .1830
323.15     .73231    .1542    .1256    .2684    .1746
323.15     .73585    .2268    .1840    .2218    .1629
323.15     .74306    .2952    .2418    .1834    .1514
323.15     .75116    .3511    .2919    .1553    .1414
323.15     .75906    .3984    .3368    .1337    .1324
323.15     .76692    .4413    .3797    .1158    .1238
323.15     .77430    .4792    .4195    .1012    .1159
323.15     .77706    .5089    .4518    .0906    .1095
323.15     .78528    .5359    .4819    .0816    .1035
323.15     .78975    .5592    .5085    .0742    .0981
323.15     .62140    .0326    .0154    .1320    .0500
323.15     .64956    .1275    .0652    .1047    .0475
323.15     .67374    .2031    .1115    .0854    .0452
323.15     .70292    .2888    .1735    .0659    .0420
323.15     .72697    .3566    .2316    .0524    .0391
323.15     .74687    .4120    .2862    .0426    .0363
323.15     .76263    .4553    .3339    .0357    .0339
323.15     .77522    .4914    .3770    .0305    .0317
323.15     .78535    .5215    .4152    .0265    .0297
323.15     .79319    .5454    .4469    .0237    .0281
323.15     .80177    .5737    .4858    .0205    .0261
323.15     .80915    .5991    .5216    .0180    .0243
323.15     .81591    .6233    .5563    .0159    .0226
